$ 1 0.000005 10.20027730826997 50 5 43 5e-11
b -715 -26 -318 409 0
x -678 -41 -452 -38 4 20 NOT\sGate\s(Using\sCMOS)
x -215 -39 26 -36 4 20 NAND\sGate\s(Using\sCMOS)
b -299 -26 98 409 0
g 48 160 48 176 0 0
w -160 304 -128 304 0
w -96 304 -128 304 0
w -128 128 -128 304 0
w -64 128 -128 128 0
w -64 64 -64 128 0
x -269 308 -210 311 4 15 INPUT\sY
w -160 64 -160 224 0
w -96 224 -160 224 0
w -16 160 -64 160 0
w -112 160 -64 160 0
w -64 208 -64 160 0
w -112 16 -64 16 0
w -16 16 -64 16 0
x -270 229 -211 232 4 15 INPUT\sX
w -64 320 -64 368 0
g -64 368 -64 384 0 0
w -64 240 -64 288 0
f -96 304 -64 304 32 1.5 0.02
R -64 16 -64 0 0 0 40 5 0 0 0.5
w -16 48 -16 16 0
w -112 48 -112 16 0
w -16 80 -16 160 0
w -112 80 -112 160 0
162 -16 160 48 160 2 default-led 1 0 0 0.01
L -160 224 -176 224 0 1 false 5 0
L -160 304 -176 304 0 1 false 5 0
f -64 64 -16 64 33 1.5 0.02
f -160 64 -112 64 33 1.5 0.02
f -96 224 -64 224 32 1.5 0.02
x -878 -111 -475 -108 4 20 Prepared\sby:\sENGR.\sVIOLDAN\sE.\sBAYOCOT
w -496 176 -496 208 0
w -544 176 -544 224 0
L -544 176 -592 176 0 1 false 5 0
w -496 176 -480 176 0
g -432 176 -432 192 0 0
162 -480 176 -432 176 2 default-led 1 0 0 0.01
g -496 272 -496 288 0 0
R -496 80 -496 64 0 0 40 5 0 0 0.5
w -544 128 -544 176 0
w -496 240 -496 272 0
w -496 112 -496 80 0
w -496 144 -496 176 0
f -544 128 -496 128 33 1.5 0.02
f -544 224 -496 224 32 1.5 0.02
423 -128 128 -128 305 0
x -684 180 -625 183 4 15 INPUT\sX
